#FRAGID	FRAGSLOPE	AVSLOPE	LINREGYIC	YIC_AVSLOPE
1	1.03873415584436608618	.94258704898252934140	-.42467406233608648329	-.35050720673417116280
2	.96190413261117032750	.94258704898252934140	.04861237104021526436	.06351336389270231969
3	1.02871997509775642216	.94258704898252934140	-.52273871491770745560	-.45629669183178835237
4	1.08055723099242770558	.94258704898252934140	-.73408269985815632368	-.62765396892189792144
5	.98551905384354126060	.94258704898252934140	-.70388854506871101670	-.67077125314849764527
6	.99010598560592459689	.94258704898252934140	-.51456605940571154659	-.47791045711111126471
7	1.00616650306694268987	.94258704898252934140	-.77586153817951746041	-.72227143437493958342
8	.92901659842224714080	.94258704898252934140	-.71393072872547167853	-.72439882995085423498
9	1.00859250998908047886	.94258704898252934140	-.82029804958173843417	-.76466310338805516162
10	1.03592810140175722077	.94258704898252934140	-.50799297389526347385	-.42931729540117496591
11	.99014673402146429928	.94258704898252934140	-.59176112949033854920	-.55507409430139561362
12	.94498598488889908607	.94258704898252934140	-.60623296095805583742	-.60438244731523091402
13	.96548879209976011242	.94258704898252934140	-.68884257606841817129	-.67117641501326934645
14	1.06113905831129429721	.94258704898252934140	-1.15442969416588524117	-1.04481743939943109598
15	.97708235044743599358	.94258704898252934140	-.85200583296365295535	-.82539652430948098531
16	.92957629785346199040	.94258704898252934140	-1.51299084373530534224	-1.52904901179477530300
17	.90771406306242385683	.94258704898252934140	-1.30090180335006310556	-1.34639233415144730782
18	.92611478573932754511	.94258704898252934140	-.58791360567414895972	-.60062013433913375572
19	.80470303716924537192	.94258704898252934140	-.94344648622380707444	-1.05966671196300564908
20	.91380621727751283455	.94258704898252934140	-.84547382146482612902	-.87208435194088158169
21	.87826427430552490845	.94258704898252934140	-.18529419084791943621	-.23491209508958626365
22	.93052168900219902326	.94258704898252934140	-1.02413697000665809579	-1.03715176303084292413
23	.91728154185125089737	.94258704898252934140	-1.47616983818252842362	-1.50740247666074316402
24	.85221162995226290368	.94258704898252934140	-1.68599073623738543690	-1.80388215489890232405
25	.92268320191173133873	.94258704898252934140	-.92260530147954921574	-.93938193547232204490
26	.94073911631222343314	.94258704898252934140	-1.16614101351157314794	-1.16798102705314001105
27	.81526136885886641312	.94258704898252934140	-.90798042384759327647	-1.02570474557817952232
28	.75879060209492463122	.94258704898252934140	-1.53811734824982899935	-1.76496314704931526273
29	.96378426369225588691	.94258704898252934140	-1.40441599550802903524	-1.38155075463779813546
30	.92941799973688294549	.94258704898252934140	-1.40948795495044245118	-1.42462429232928417430
31	.87983994308833416133	.94258704898252934140	-1.59437298761314350910	-1.67181690777569697931
34	.88798836888844306560	.94258704898252934140	-1.33457492263924158946	-1.39347001752051002146
