#FRAGID	SLOPE	AVSLOPE	YIC	YIC_AVSLOPE
1	1.03873416	0.94258705	-0.42467406	-0.35050721
2	0.96190413	0.94258705	0.04861237	0.06351336
3	1.02871998	0.94258705	-0.52273871	-0.45629669
4	1.08055723	0.94258705	-0.73408270	-0.62765397
5	0.98551905	0.94258705	-0.70388855	-0.67077125
6	0.99010599	0.94258705	-0.51456606	-0.47791046
7	1.00616650	0.94258705	-0.77586154	-0.72227143
8	0.92901660	0.94258705	-0.71393073	-0.72439883
9	1.00859251	0.94258705	-0.82029805	-0.76466310
10	1.03592810	0.94258705	-0.50799297	-0.42931730
11	0.99014673	0.94258705	-0.59176113	-0.55507409
12	0.94498598	0.94258705	-0.60623296	-0.60438245
13	0.96548879	0.94258705	-0.68884258	-0.67117642
14	1.06113906	0.94258705	-1.15442969	-1.04481744
15	0.97708235	0.94258705	-0.85200583	-0.82539652
16	0.92957630	0.94258705	-1.51299084	-1.52904901
17	0.90771406	0.94258705	-1.30090180	-1.34639233
18	0.92611479	0.94258705	-0.58791361	-0.60062013
19	0.80470304	0.94258705	-0.94344649	-1.05966671
20	0.91380622	0.94258705	-0.84547382	-0.87208435
21	0.87826427	0.94258705	-0.18529419	-0.23491210
22	0.93052169	0.94258705	-1.02413697	-1.03715176
23	0.91728154	0.94258705	-1.47616984	-1.50740248
24	0.85221163	0.94258705	-1.68599074	-1.80388215
25	0.92268320	0.94258705	-0.92260530	-0.93938194
26	0.94073912	0.94258705	-1.16614101	-1.16798103
27	0.81526137	0.94258705	-0.90798042	-1.02570475
28	0.75879060	0.94258705	-1.53811735	-1.76496315
29	0.96378426	0.94258705	-1.40441600	-1.38155075
30	0.92941800	0.94258705	-1.40948795	-1.42462429
31	0.87983994	0.94258705	-1.59437299	-1.67181691
34	0.88798837	0.94258705	-1.33457492	-1.39347002
